336.99, 45
341.79, 74
344.77, 73
345.42, 32
#dve cary nepopsane
346.66, 58
347.26, 88
349.81, 14
350.12, 19
351.52, 20
352.06, 52
359.35, 69
360.02, 11
363.37, 5

470.44, 6
503.78, 27
508.04, 13
511.65, 26
514.50, 8
520.39, 7
533.08, 88
534.11, 81
534.33, 30

565.67, 3
574.83, 9
576.44, 50
580.45, 7
582.02, 27
585.25, sat, 76
587.22, 6
588.19, sat, 49
590.25, 14
594.48, sat, 72
596.62, 5
597.55, sat, 19
598.79, 5
603.00, sat, 21
607.43, sat, 56
609.62, sat, 78
612.85, 100, 3 (mozna)
614.31, sat, 138
616.36, sat, 43
618.22, 4
621.73, sat, 47
626.65, sat, 75
630.48, sat, 29
633.44, sat, 105
638.30, sat, 111
640.23, sat, 146 (sat?)
650.65, sat, 103

650.65, sat, 123, 103 (viz druhy sloupec vyse)
653.29, sat, 54,  45 (viz druhy sloupec vyse)
659.90, sat, 52
665.21, 19
667.83, sat, 80
671.70, sat, 51
692.95, sat, 55
702.41, 137 (sat), 3
703.24, sat, 149 (sat)
705.13, 7
705.91, 50
717.39, sat, 7
724.52, sat, 47
743.89, sat, 7
747.24, 5
748.89, 127
753.58, 100
754.41, 42

748.89, sat
753.58, sat
754.41, 142 (sat)
794.32, 21
808.25, 39
813.64, 18
830.03, 23
837.76, 79
841.84, 7
849.54, 17


